0.0000000000E+00 	3.0378563264E-49	2.3299998973E-01	7.5668974421E-09	1.1910130878E-41	1.1969592007E-30	3.0594295977E-61	2.4970578525E-29	2.5054977360E-30	7.6700000270E-01	
1.2295861658E-05 	3.3370553156E-49	2.3299998872E-01	8.3121358367E-09	1.1910170140E-41	1.2545201713E-30	3.2065632057E-61	2.6171388271E-29	2.7522596719E-30	7.6700000297E-01	
2.4591723316E-05 	3.6657236235E-49	2.3299998761E-01	9.1307702721E-09	1.1910213268E-41	1.3148494823E-30	3.3607742266E-61	2.7429948502E-29	3.0233251630E-30	7.6700000326E-01	
3.6887584974E-05 	4.0267640406E-49	2.3299998639E-01	1.0030029277E-08	1.1910260644E-41	1.3780803152E-30	3.5224033220E-61	2.8749037322E-29	3.3210879490E-30	7.6700000358E-01	
4.9183446632E-05 	4.4233653559E-49	2.3299998505E-01	1.1017853337E-08	1.1910312686E-41	1.4443522678E-30	3.6918075925E-61	3.0131566652E-29	3.6481775701E-30	7.6700000393E-01	
6.1479308289E-05 	4.8590304439E-49	2.3299998358E-01	1.2102964770E-08	1.1910369854E-41	1.5138116484E-30	3.8693613345E-61	3.1580588347E-29	4.0074825145E-30	7.6700000432E-01	
7.3775169947E-05 	5.3376074931E-49	2.3299998196E-01	1.3294945396E-08	1.1910432652E-41	1.5866118423E-30	4.0554569848E-61	3.3099301848E-29	4.4021759545E-30	7.6700000475E-01	
8.6071031605E-05 	5.8633235238E-49	2.3299998018E-01	1.4604319898E-08	1.1910501635E-41	1.6629135756E-30	4.2505058022E-61	3.4691059663E-29	4.8357433662E-30	7.6700000521E-01	
9.8366893263E-05 	6.4408224729E-49	2.3299997823E-01	1.6042650525E-08	1.1910577413E-41	1.7428853786E-30	4.4549390614E-61	3.6359377038E-29	5.3120139091E-30	7.6700000573E-01	
1.1066275492E-04 	7.0752055631E-49	2.3299997609E-01	1.7622637450E-08	1.1910660654E-41	1.8267038589E-30	4.6692087606E-61	3.8107937631E-29	5.8351936863E-30	7.6700000629E-01	
1.2295861658E-04 	7.7720768291E-49	2.3299997373E-01	1.9358231942E-08	1.1910752095E-41	1.9145541543E-30	4.8937887921E-61	3.9940602956E-29	6.4099032484E-30	7.6700000691E-01	
1.3525447824E-04 	8.5375925566E-49	2.3299997114E-01	2.1264759221E-08	1.1910852541E-41	2.0066303270E-30	5.1291759626E-61	4.1861420585E-29	7.0412183159E-30	7.6700000759E-01	
1.4755033989E-04 	9.3785159132E-49	2.3299996830E-01	2.3359054204E-08	1.1910962882E-41	2.1031358159E-30	5.3758911655E-61	4.3874633564E-29	7.7347147730E-30	7.6700000834E-01	
1.5984620155E-04 	1.0302276459E-48	2.3299996518E-01	2.5659609320E-08	1.1911084090E-41	2.2042838515E-30	5.6344804595E-61	4.5984689053E-29	8.4965176730E-30	7.6700000916E-01	
1.7214206321E-04 	1.1317036081E-48	2.3299996175E-01	2.8186738244E-08	1.1911217238E-41	2.3102979557E-30	5.9055163678E-61	4.8196248732E-29	9.3333555242E-30	7.6700001006E-01	
1.8443792487E-04 	1.2431761389E-48	2.3299995798E-01	3.0962755630E-08	1.1911363500E-41	2.4214124570E-30	6.1895992172E-61	5.0514199507E-29	1.0252619888E-29	7.6700001106E-01	
1.9673378653E-04 	1.3656302893E-48	2.3299995384E-01	3.4012173597E-08	1.1911524169E-41	2.5378729918E-30	6.4873584494E-61	5.2943663952E-29	1.1262430544E-29	7.6700001214E-01	
2.0902964818E-04 	1.5001482318E-48	2.3299994930E-01	3.7361918353E-08	1.1911700664E-41	2.6599370646E-30	6.7994540836E-61	5.5490011952E-29	1.2371707345E-29	7.6700001334E-01	
2.2132550984E-04 	1.6479188716E-48	2.3299994430E-01	4.1041568521E-08	1.1911894545E-41	2.7878746470E-30	7.1265782849E-61	5.8158873158E-29	1.3590249279E-29	7.6700001465E-01	
2.3362137150E-04 	1.8102483250E-48	2.3299993882E-01	4.5083614874E-08	1.1912107524E-41	2.9219687354E-30	7.4694568315E-61	6.0956148571E-29	1.4928820662E-29	7.6700001610E-01	
2.4591723316E-04 	1.9885715663E-48	2.3299993279E-01	4.9523748891E-08	1.1912341483E-41	3.0625160481E-30	7.8288509465E-61	6.3888025036E-29	1.6399246901E-29	7.6700001768E-01	
2.5821309482E-04 	2.1844651057E-48	2.3299992617E-01	5.4401176688E-08	1.1912598489E-41	3.2098276560E-30	8.2055589654E-61	6.6960988326E-29	1.8014518714E-29	7.6700001942E-01	
2.7050895647E-04 	2.3996610035E-48	2.3299991890E-01	5.9758965837E-08	1.1912880813E-41	3.3642297090E-30	8.6004182583E-61	7.0181838233E-29	1.9788907288E-29	7.6700002134E-01	
2.8280481813E-04 	2.6360622522E-48	2.3299991092E-01	6.5644425791E-08	1.1913190949E-41	3.5260641814E-30	9.0143072087E-61	7.3557704020E-29	2.1738090641E-29	7.6700002344E-01	
2.9510067979E-04 	2.8957596409E-48	2.3299990214E-01	7.2109524668E-08	1.1913531639E-41	3.6956896260E-30	9.4481472283E-61	7.7096060069E-29	2.3879292096E-29	7.6700002575E-01	
3.0739654145E-04 	3.1810503880E-48	2.3299989251E-01	7.9211349410E-08	1.1913905893E-41	3.8734820304E-30	9.9029050439E-61	8.0804743620E-29	2.6231433219E-29	7.6700002828E-01	
3.1969240311E-04 	3.4944585279E-48	2.3299988192E-01	8.7012608801E-08	1.1914317020E-41	4.0598356527E-30	1.0379594948E-60	8.4691972088E-29	2.8815301071E-29	7.6700003107E-01	
3.3198826476E-04 	3.8387573989E-48	2.3299987029E-01	9.5582187828E-08	1.1914768653E-41	4.2551639485E-30	1.0879281300E-60	8.8766362237E-29	3.1653732590E-29	7.6700003413E-01	
3.4428412642E-04 	4.2169943361E-48	2.3299985751E-01	1.0499575578E-07	1.1915264785E-41	4.4599005239E-30	1.1403081111E-60	9.3036949906E-29	3.4771816959E-29	7.6700003749E-01	
3.5657998808E-04 	4.6325178209E-48	2.3299984348E-01	1.1533643408E-07	1.1915809803E-41	4.6745001390E-30	1.1952166786E-60	9.7513210730E-29	3.8197117947E-29	7.6700004118E-01	
3.6887584974E-04 	5.0890073706E-48	2.3299982807E-01	1.2669553064E-07	1.1916408526E-41	4.8994397801E-30	1.2527769065E-60	1.0220508229E-28	4.1959918531E-29	7.6700004524E-01	
3.8117171139E-04 	5.5905063980E-48	2.3299981113E-01	1.3917334610E-07	1.1917066249E-41	5.1352197816E-30	1.3131180121E-60	1.0712298726E-28	4.6093489617E-29	7.6700004969E-01	
3.9346757305E-04 	6.1414583529E-48	2.3299979253E-01	1.5288005919E-07	1.1917788790E-41	5.3823650063E-30	1.3763756842E-60	1.1227785770E-28	5.0634385362E-29	7.6700005459E-01	
4.0576343471E-04 	6.7467464934E-48	2.3299977210E-01	1.6793669961E-07	1.1918582542E-41	5.6414260948E-30	1.4426924334E-60	1.1768116080E-28	5.5622767853E-29	7.6700005996E-01	
4.1805929637E-04 	7.4117376778E-48	2.3299974966E-01	1.8447621715E-07	1.1919454526E-41	5.9129807969E-30	1.5122179676E-60	1.2334492626E-28	6.1102764254E-29	7.6700006587E-01	
4.3035515803E-04 	8.1423305222E-48	2.3299972500E-01	2.0264465525E-07	1.1920412462E-41	6.1976353619E-30	1.5851095885E-60	1.2928177480E-28	6.7122859134E-29	7.6700007236E-01	
4.4265101968E-04 	8.9450084262E-48	2.3299969792E-01	2.2260244033E-07	1.1921464828E-41	6.4960260151E-30	1.6615326153E-60	1.3550494844E-28	7.3736325929E-29	7.6700007948E-01	
4.5494688134E-04 	9.8268979998E-48	2.3299966817E-01	2.4452579917E-07	1.1922620942E-41	6.8088205380E-30	1.7416608433E-60	1.4202834288E-28	8.1001701735E-29	7.6700008731E-01	
4.6724274300E-04 	1.0795833335E-47	2.3299963548E-01	2.6860831403E-07	1.1923891046E-41	7.1367199149E-30	1.8256770271E-60	1.4886654110E-28	8.8983308837E-29	7.6700009591E-01	
4.7953860466E-04 	1.1860426873E-47	2.3299959958E-01	2.9506263256E-07	1.1925286389E-41	7.4804601059E-30	1.9137734056E-60	1.5603484957E-28	9.7751828882E-29	7.6700010535E-01	
4.9183446632E-04 	1.3030147455E-47	2.3299956015E-01	3.2412234507E-07	1.1926819340E-41	7.8408139150E-30	2.0061522620E-60	1.6354933626E-28	1.0738493409E-28	7.6700011573E-01	
5.0413032797E-04 	1.4315406377E-47	2.3299951683E-01	3.5604404759E-07	1.1928503489E-41	8.2185929892E-30	2.1030265313E-60	1.7142687127E-28	1.1796798199E-28	7.6700012713E-01	
5.1642618963E-04 	1.5727652238E-47	2.3299946924E-01	3.9110960693E-07	1.1930353771E-41	8.6146499322E-30	2.2046204500E-60	1.7968516968E-28	1.2959477950E-28	7.6700013965E-01	
5.2872205129E-04 	1.7279475604E-47	2.3299941697E-01	4.2962865033E-07	1.1932386605E-41	9.0298805773E-30	2.3111702644E-60	1.8834283754E-28	1.4236842413E-28	7.6700015340E-01	
5.4101791295E-04 	1.8984724429E-47	2.3299935955E-01	4.7194129850E-07	1.1934620037E-41	9.4652263931E-30	2.4229249924E-60	1.9741942038E-28	1.5640222949E-28	7.6700016851E-01	
5.5331377460E-04 	2.0858631534E-47	2.3299929647E-01	5.1842116964E-07	1.1937073904E-41	9.9216770763E-30	2.5401472550E-60	2.0693545542E-28	1.7182074457E-28	7.6700018510E-01	
5.6560963626E-04 	2.2917955321E-47	2.3299922719E-01	5.6947867766E-07	1.1939770013E-41	1.0400273312E-29	2.6631141772E-60	2.1691252690E-28	1.8876087568E-28	7.6700020334E-01	
5.7790549792E-04 	2.5181135316E-47	2.3299915107E-01	6.2556465668E-07	1.1942732339E-41	1.0902109747E-29	2.7921183739E-60	2.2737332566E-28	2.0737312250E-28	7.6700022336E-01	
5.9020135958E-04 	2.7668464085E-47	2.3299906747E-01	6.8717434155E-07	1.1945987243E-41	1.1428338180E-29	2.9274690242E-60	2.3834171271E-28	2.2782293956E-28	7.6700024536E-01	
6.0249722124E-04 	3.0402277411E-47	2.3299897562E-01	7.5485174060E-07	1.1949563712E-41	1.1980170996E-29	3.0694930504E-60	2.4984278744E-28	2.5029223647E-28	7.6700026952E-01	
6.1479308289E-04 	3.3407164802E-47	2.3299887474E-01	8.2919443903E-07	1.1953493624E-41	1.2558884867E-29	3.2185364112E-60	2.6190296112E-28	2.7498103172E-28	7.6700029607E-01	
6.2708894455E-04 	3.6710202668E-47	2.3299876391E-01	9.1085887538E-07	1.1957812036E-41	1.3165824761E-29	3.3749655263E-60	2.7455003585E-28	3.0210927617E-28	7.6700032523E-01	
6.3938480621E-04 	4.0341212812E-47	2.3299864218E-01	1.0005661380E-06	1.1962557514E-41	1.3802408278E-29	3.5391688483E-60	2.8781328989E-28	3.3191886459E-28	7.6700035726E-01	
6.5168066787E-04 	4.4333049159E-47	2.3299850845E-01	1.0991083313E-06	1.1967772482E-41	1.4470130346E-29	3.7115586003E-60	3.0172356980E-28	3.6467585489E-28	7.6700039244E-01	
6.6397652953E-04 	4.8721916228E-47	2.3299836155E-01	1.2073555707E-06	1.1973503618E-41	1.5170568356E-29	3.8925727050E-60	3.1631339037E-28	4.0067291879E-28	7.6700043109E-01	
6.7627239118E-04 	5.3547723012E-47	2.3299820019E-01	1.3262636639E-06	1.1979802290E-41	1.5905387724E-29	4.0826769265E-60	3.3161704295E-28	4.4023204758E-28	7.6700047355E-01	
6.8856825284E-04 	5.8854476816E-47	2.3299802293E-01	1.4568825521E-06	1.1986725033E-41	1.6676347996E-29	4.2823672601E-60	3.4767071349E-28	4.8370754294E-28	7.6700052019E-01	
7.0086411450E-04 	6.4690721849E-47	2.3299782822E-01	1.6003655782E-06	1.1994334085E-41	1.7485309518E-29	4.4921725981E-60	3.6451261100E-28	5.3148932277E-28	7.6700057142E-01	
7.1315997616E-04 	7.1110028485E-47	2.3299761432E-01	1.7579796721E-06	1.2002697974E-41	1.8334240770E-29	4.7126577209E-60	3.8218310832E-28	5.8400657949E-28	7.6700062770E-01	
7.2545583782E-04 	7.8171539479E-47	2.3299737937E-01	1.9311165354E-06	1.2011892171E-41	1.9225226421E-29	4.9444266483E-60	4.0072489596E-28	6.4173182876E-28	7.6700068951E-01	
7.3775169947E-04 	8.5940580899E-47	2.3299712127E-01	2.1213049302E-06	1.2021999816E-41	2.0160476232E-29	5.1881264166E-60	4.2018315127E-28	7.0518539569E-28	7.6700075742E-01	
7.5004756113E-04 	9.4489346194E-47	2.3299683776E-01	2.3302241757E-06	1.2033112520E-41	2.1142334884E-29	5.4444513338E-60	4.4060572455E-28	7.7494038758E-28	7.6700083202E-01	
7.6234342279E-04 	1.0389766365E-46	2.3299652632E-01	2.5597189764E-06	1.2045331261E-41	2.2173292892E-29	5.7141477960E-60	4.6204334456E-28	8.5162821272E-28	7.6700091396E-01	
7.7463928445E-04 	1.1425385855E-46	2.3299618421E-01	2.8118157077E-06	1.2058767375E-41	2.3255998709E-29	5.9980197407E-60	4.8454984561E-28	9.3594470833E-28	7.6700100397E-01	
7.8693514610E-04 	1.2565572384E-46	2.3299580841E-01	3.0887403080E-06	1.2073543669E-41	2.4393272238E-29	6.2969348454E-60	5.0818241969E-28	1.0286569540E-27	7.6700110285E-01	
7.9923100776E-04 	1.3821161465E-46	2.3299539560E-01	3.3929379297E-06	1.2089795648E-41	2.5588119895E-29	6.6118315818E-60	5.3300189646E-28	1.1306108527E-27	7.6700121147E-01	
8.1152686942E-04 	1.5204168539E-46	2.3299494213E-01	3.7270945280E-06	1.2107672900E-41	2.6843751492E-29	6.9437272680E-60	5.5907305552E-28	1.2427395786E-27	7.6700133078E-01	
8.2382273108E-04 	1.6727929071E-46	2.3299444400E-01	4.0941605737E-06	1.2127340632E-41	2.8163599172E-29	7.2937272771E-60	5.8646497510E-28	1.3660729987E-27	7.6700146184E-01	
8.3611859274E-04 	1.8407257578E-46	2.3299389681E-01	4.4973771011E-06	1.2148981401E-41	2.9551338711E-29	7.6630355943E-60	6.1525142259E-28	1.5017481971E-27	7.6700160581E-01	
8.4841445439E-04 	2.0258628563E-46	2.3299329574E-01	4.9403043209E-06	1.2172797045E-41	3.1010913539E-29	8.0529669465E-60	6.4551129291E-28	1.6510212461E-27	7.6700176396E-01	
8.6071031605E-04 	2.2300382917E-46	2.3299263546E-01	5.4268530504E-06	1.2199010857E-41	3.2546561881E-29	8.4649607736E-60	6.7732910179E-28	1.8152803926E-27	7.6700193768E-01	
8.7300617771E-04 	2.4552963957E-46	2.3299191016E-01	5.9613192385E-06	1.2227870039E-41	3.4162847516E-29	8.9005973560E-60	7.1079554220E-28	1.9960608527E-27	7.6700212852E-01	
8.8530203937E-04 	2.7039188115E-46	2.3299111343E-01	6.5484218874E-06	1.2259648454E-41	3.5864694686E-29	9.3616164764E-60	7.4600811319E-28	2.1950614391E-27	7.6700233815E-01	
8.9759790103E-04 	2.9784556253E-46	2.3299023824E-01	7.1933447130E-06	1.2294649750E-41	3.7657427843E-29	9.8499390703E-60	7.8307183284E-28	2.4141632846E-27	7.6700256842E-01	
9.0989376268E-04 	3.2817612737E-46	2.3298927685E-01	7.9017819005E-06	1.2333210895E-41	3.9546816964E-29	1.0367692399E-59	8.2210004760E-28	2.6554509628E-27	7.6700282137E-01	
9.2218962434E-04 	3.6170360903E-46	2.3298822078E-01	8.6799883674E-06	1.2375706184E-41	4.1539129373E-29	1.0917239403E-59	8.6321535385E-28	2.9212363653E-27	7.6700309923E-01	
9.3448548600E-04 	3.9878745277E-46	2.3298706070E-01	9.5348349760E-06	1.2422551809E-41	4.3641189116E-29	1.1501213010E-59	9.0655064937E-28	3.2140857522E-27	7.6700340446E-01	
9.4678134766E-04 	4.3983213117E-46	2.3298578638E-01	1.0473869176E-05	1.2474211070E-41	4.5860445149E-29	1.2122556361E-59	9.5225033556E-28	3.5368504662E-27	7.6700373975E-01	
9.5907720932E-04 	4.8529370554E-46	2.3298438656E-01	1.1505381622E-05	1.2531200335E-41	4.8205049827E-29	1.2784570083E-59	1.0004716955E-27	3.8927018926E-27	7.6700410805E-01	
9.7137307097E-04 	5.3568751914E-46	2.3298284889E-01	1.2638479341E-05	1.2594095888E-41	5.0683949464E-29	1.3490968037E-59	1.0513864769E-27	4.2851713489E-27	7.6700451263E-01	
9.8366893263E-04 	5.9159725027E-46	2.3298115978E-01	1.3883166107E-05	1.2663541806E-41	5.3306989065E-29	1.4245943247E-59	1.1051827146E-27	4.7181957220E-27	7.6700495705E-01	
9.9596479429E-04 	6.5368560435E-46	2.3297930433E-01	1.5250430720E-05	1.2740259057E-41	5.6085033734E-29	1.5054246130E-59	1.1620668339E-27	5.1961698201E-27	7.6700544524E-01	
1.0082606559E-03 	7.2270699005E-46	2.3297726615E-01	1.6752343976E-05	1.2825056049E-41	5.9030109773E-29	1.5921277625E-59	1.2222660839E-27	5.7240066023E-27	7.6700598151E-01	
1.0205565176E-03 	7.9952260585E-46	2.3297502725E-01	1.8402165178E-05	1.2918840886E-41	6.2155569057E-29	1.6853200482E-59	1.2860313582E-27	6.3072066730E-27	7.6700657058E-01	
1.0328523793E-03 	8.8511846715E-46	2.3297256787E-01	2.0214459121E-05	1.3022635681E-41	6.5476281050E-29	1.7857072713E-59	1.3536404744E-27	6.9519387135E-27	7.6700721767E-01	
1.0451482409E-03 	9.8062703560E-46	2.3296986629E-01	2.2205224593E-05	1.3137593315E-41	6.9008857695E-29	1.8941008287E-59	1.4254019955E-27	7.6651328661E-27	7.6700792849E-01	
1.0574441026E-03 	1.0873532798E-45	2.3296689867E-01	2.4392035508E-05	1.3265017150E-41	7.2771917550E-29	2.0114371392E-59	1.5016596947E-27	8.4545895108E-27	7.6700870930E-01	
1.0697399642E-03 	1.2068062117E-45	2.3296363880E-01	2.6794195925E-05	1.3406384306E-41	7.6786396923E-29	2.1388012340E-59	1.5827977858E-27	9.3291063984E-27	7.6700956700E-01	
1.0820358259E-03 	1.3407372200E-45	2.3296005792E-01	2.9432910311E-05	1.3563373262E-41	8.1075917477E-29	2.2774555304E-59	1.6692470674E-27	1.0298627752E-26	7.6701050917E-01	
1.0943316876E-03 	1.4911868798E-45	2.3295612442E-01	3.2331470542E-05	1.3737896728E-41	8.5667221929E-29	2.4288751011E-59	1.7614921627E-27	1.1374419751E-26	7.6701154411E-01	
1.1066275492E-03 	1.6605423855E-45	2.3295180357E-01	3.5515461291E-05	1.3932140966E-41	9.0590692187E-29	2.5947911196E-59	1.8600800741E-27	1.2569277832E-26	7.6701268097E-01	
1.1189234109E-03 	1.8516083645E-45	2.3294705723E-01	3.9012985598E-05	1.4148613062E-41	9.5880967637E-29	2.7772446645E-59	1.9656303262E-27	1.3897772467E-26	7.6701392978E-01	
1.1312192725E-03 	2.0676946352E-45	2.3294184353E-01	4.2854912613E-05	1.4390198011E-41	1.0157768566E-28	2.9786537221E-59	2.0788470284E-27	1.5376541714E-26	7.6701530156E-01	
1.1435151342E-03 	2.3127255383E-45	2.3293611643E-01	4.7075149679E-05	1.4660228016E-41	1.0772637192E-28	3.2018971159E-59	2.2005332739E-27	1.7024640779E-26	7.6701680842E-01	
1.1558109958E-03 	2.5913768955E-45	2.3292982541E-01	5.1710941135E-05	1.4962567042E-41	1.1437951503E-28	3.4504202850E-59	2.3316083883E-27	1.8863961410E-26	7.6701846365E-01	
1.1681068575E-03 	2.9092485576E-45	2.3292291494E-01	5.6803196465E-05	1.5301714562E-41	1.2159786927E-28	3.7283694634E-59	2.4731286709E-27	2.0919737147E-26	7.6702028186E-01	
1.1804027192E-03 	3.2730830883E-45	2.3291532404E-01	6.2396850663E-05	1.5682933535E-41	1.2945204073E-28	4.0407630406E-59	2.6263124364E-27	2.3221154606E-26	7.6702227911E-01	
1.1926985808E-03 	3.6910446480E-45	2.3290698574E-01	6.8541260033E-05	1.6112409250E-41	1.3802442762E-28	4.3937119742E-59	2.7925703781E-27	2.5802096313E-26	7.6702447300E-01	
1.2049944425E-03 	4.1730769412E-45	2.3289782647E-01	7.5290636464E-05	1.6597447645E-41	1.4741160509E-28	4.7947054049E-59	2.9735425369E-27	2.8702047298E-26	7.6702688290E-01	
1.2172903041E-03 	4.7313658345E-45	2.3288776541E-01	8.2704525019E-05	1.7146724523E-41	1.5772727247E-28	5.2529837278E-59	3.1711435471E-27	3.1967207160E-26	7.6702953006E-01	
1.2295861658E-03 	5.3809414194E-45	2.3287671383E-01	9.0848327598E-05	1.7770600813E-41	1.6910591367E-28	5.7800298784E-59	3.3876182464E-27	3.5651860063E-26	7.6703243785E-01	
1.2418820274E-03 	6.1404674862E-45	2.3286457422E-01	9.9793878295E-05	1.8481524163E-41	1.8170737036E-28	6.3902219976E-59	3.6256104051E-27	3.9820071411E-26	7.6703563190E-01	
1.2541778891E-03 	7.0332848293E-45	2.3285123953E-01	1.0962007502E-04	1.9294544274E-41	1.9572258877E-28	7.1017084338E-59	3.8882481106E-27	4.4547799674E-26	7.6703914039E-01	
1.2664737508E-03 	8.0888013507E-45	2.3283659216E-01	1.2041357292E-04	2.0227979259E-41	2.1138088657E-28	7.9375921988E-59	4.1792504454E-27	4.9925539013E-26	7.6704299426E-01	
1.2787696124E-03 	9.3443602590E-45	2.3282050296E-01	1.3226954571E-04	2.1304284289E-41	2.2895920174E-28	8.9275507061E-59	4.5030615551E-27	5.6061644448E-26	7.6704722750E-01	
1.2910654741E-03 	1.0847773631E-44	2.3280283006E-01	1.4529252128E-04	2.2551193528E-41	2.4879394462E-28	1.0110074645E-58	4.8650201816E-27	6.3086539985E-26	7.6705187742E-01	
1.3033613357E-03 	1.2660791187E-44	2.3278341769E-01	1.5959729909E-04	2.4003234825E-41	2.7129629506E-28	1.1535597910E-58	5.2715754367E-27	7.1158076099E-26	7.6705698501E-01	
1.3156571974E-03 	1.4863897343E-44	2.3276209475E-01	1.7530995697E-04	2.5703757803E-41	2.9697209467E-28	1.3270925927E-58	5.7305632915E-27	8.0468393172E-26	7.6706259529E-01	
1.3279530591E-03 	1.7563015606E-44	2.3273867334E-01	1.9256895617E-04	2.7707676408E-41	3.2644791907E-28	1.5405580831E-58	6.2515633955E-27	9.1252771588E-26	7.6706875770E-01	
1.3402489207E-03 	2.0898983548E-44	2.3271294711E-01	2.1152635401E-04	3.0085216660E-41	3.6050553360E-28	1.8061015929E-58	6.8463629999E-27	1.0380112128E-25	7.6707552654E-01	
1.3525447824E-03 	2.5061101406E-44	2.3268468945E-01	2.3234913455E-04	3.2927094990E-41	4.0012782508E-28	2.1404188375E-58	7.5295648592E-27	1.1847300412E-25	7.6708296141E-01	
1.3648406440E-03 	3.0306747176E-44	2.3265365152E-01	2.5522066864E-04	3.6351757409E-41	4.4656059221E-28	2.5667854746E-58	8.3193903340E-27	1.3571742175E-25	7.6709112781E-01	
1.3771365057E-03 	3.6990148455E-44	2.3261956007E-01	2.8034231557E-04	4.0515625747E-41	5.0139646991E-28	3.1181408586E-58	9.2387495148E-27	1.5609908336E-25	7.6710009762E-01	
1.3894323673E-03 	4.5605172963E-44	2.3258211503E-01	3.0793518007E-04	4.5627791367E-41	5.6669006978E-28	3.8418537881E-58	1.0316680036E-26	1.8033355998E-25	7.6710994979E-01	
1.4017282290E-03 	5.6849905058E-44	2.3254098696E-01	3.3824203924E-04	5.1971381617E-41	6.4511762935E-28	4.8072217900E-58	1.1590299961E-26	2.0933473273E-25	7.6712077100E-01	
1.4140240907E-03 	7.1725618711E-44	2.3249581410E-01	3.7152945571E-04	5.9935090282E-41	7.4020085738E-28	6.1175005614E-58	1.3107484828E-26	2.4427940727E-25	7.6713265644E-01	
1.4263199523E-03 	9.1690971480E-44	2.3244619931E-01	4.0809009438E-04	7.0060440041E-41	8.5662449511E-28	7.9295985179E-58	1.4930575823E-26	2.8669612873E-25	7.6714571060E-01	
1.4386158140E-03 	1.1890643083E-43	2.3239170654E-01	4.4824526222E-04	8.3113811861E-41	1.0006924367E-27	1.0487030212E-57	1.7141572776E-26	3.3858845916E-25	7.6716004820E-01	
1.4509116756E-03 	1.5662892114E-43	2.3233185712E-01	4.9234769161E-04	1.0019817248E-40	1.1809914646E-27	1.4176349195E-57	1.9849490758E-26	4.0260785013E-25	7.6717579519E-01	
1.4632075373E-03 	2.0986155182E-43	2.3226612558E-01	5.4078459029E-04	1.2292965733E-40	1.4093704762E-27	1.9626211017E-57	2.3200908650E-26	4.8229867663E-25	7.6719308983E-01	
1.4755033989E-03 	2.8644563931E-43	2.3219393515E-01	5.9398098230E-04	1.5372227341E-40	1.7024062778E-27	2.7885923362E-57	2.7395288581E-26	5.8244948119E-25	7.6721208386E-01	
1.4877992606E-03 	3.9893681667E-43	2.3211465277E-01	6.5240336666E-04	1.9625675839E-40	2.0836315754E-27	4.0756465579E-57	3.2707524263E-26	7.0960243361E-25	7.6723294387E-01	
1.5000951223E-03 	5.6790416353E-43	2.3202758364E-01	7.1656372351E-04	2.5627033397E-40	2.5869766876E-27	6.1422936734E-57	3.9521601078E-26	8.7280145986E-25	7.6725585264E-01	
1.5123909839E-03 	8.2787697821E-43	2.3193196531E-01	7.8702389762E-04	3.4291931564E-40	3.2621776930E-27	9.5702420942E-57	4.8381595756E-26	1.0847051685E-24	7.6728101080E-01	
1.5246868456E-03 	1.2383492963E-42	2.3182696115E-01	8.6440039485E-04	4.7119100198E-40	4.1834291026E-27	1.5459222627E-56	6.0070166026E-26	1.3632650821E-24	7.6730863846E-01	
1.5369827072E-03 	1.9047199593E-42	2.3171165323E-01	9.4936962719E-04	6.6629068433E-40	5.4634935464E-27	2.5966830911E-56	7.5731353208E-26	1.7342925662E-24	7.6733897715E-01	
1.5492785689E-03 	3.0193371655E-42	2.3158503454E-01	1.0426736458E-03	9.7185594768E-40	7.2771770869E-27	4.5497968363E-56	9.7066073841E-26	2.2354440004E-24	7.6737229181E-01	
1.5615744306E-03 	4.9445219355E-42	2.3144600052E-01	1.1451264052E-03	1.4658193263E-39	9.9012241091E-27	8.3437805969E-56	1.2664905241E-25	2.9225050607E-24	7.6740887308E-01	
1.5738702922E-03 	8.3862107898E-42	2.3129333971E-01	1.2576206027E-03	2.2920634647E-39	1.3783650810E-26	1.6071896595E-55	1.6845258244E-25	3.8794636386E-24	7.6744903969E-01	
1.5861661539E-03 	1.4770234112E-41	2.3112572369E-01	1.3811351422E-03	3.7258371057E-39	1.9667118020E-26	3.2637504988E-55	2.2872971161E-25	5.2349335172E-24	7.6749314117E-01	
1.5984620155E-03 	2.7088937739E-41	2.3094169600E-01	1.5167432740E-03	6.3140519001E-39	2.8813991262E-26	7.0144957204E-55	3.1753535627E-25	7.1894148299E-24	7.6754156073E-01	
1.6107578772E-03 	5.1883476618E-41	2.3073966011E-01	1.6656214643E-03	1.1188274989E-38	4.3427795581E-26	1.6019718352E-54	4.5140494787E-25	1.0061392046E-23	7.6759471843E-01	
1.6230537388E-03 	1.0408502539E-40	2.3051786632E-01	1.8290590527E-03	2.0792812423E-38	6.7464484807E-26	3.9038877771E-54	6.5818250505E-25	1.4366814111E-23	7.6765307463E-01	
1.6353496005E-03 	2.1937677118E-40	2.3027439749E-01	2.0084687578E-03	4.0655074877E-38	1.0823990476E-25	1.0194659993E-53	9.8593734849E-25	2.0958926132E-23	7.6771713376E-01	
1.6476454622E-03 	4.8727945595E-40	2.3000715355E-01	2.2053980929E-03	8.3896671685E-38	1.7971292132E-25	2.8652252706E-53	1.5198560111E-24	3.1279493906E-23	7.6778744835E-01	
1.6599413238E-03 	1.1441949730E-39	2.2971383472E-01	2.4215417582E-03	1.8331041315E-37	3.0940717667E-25	8.7044861688E-53	2.4151018338E-24	4.7820078446E-23	7.6786462353E-01	
1.6722371855E-03 	2.8490331484E-39	2.2939192321E-01	2.6587550737E-03	4.2541864088E-37	5.5349562896E-25	2.8707897236E-52	3.9625220719E-24	7.4988232339E-23	7.6794932172E-01	
1.6845330471E-03 	7.5454397717E-39	2.2903866355E-01	2.9190685225E-03	1.0519100356E-36	1.0308277731E-24	1.0322160674E-51	6.7238454494E-24	1.2077218360E-22	7.6804226793E-01	
1.6968289088E-03 	2.1317029557E-38	2.2865104122E-01	3.2047034681E-03	2.7795082289E-36	2.0024843581E-24	4.0627419436E-51	1.1818195540E-23	2.0001709387E-22	7.6814425531E-01	
1.7091247704E-03 	6.4419353097E-38	2.2822575967E-01	3.5180891143E-03	7.8705070634E-36	4.0647872040E-24	1.7571652166E-50	2.1548007741E-23	3.4103188354E-22	7.6825615121E-01	
1.7214206321E-03 	2.0875926994E-37	2.2775921550E-01	3.8618807661E-03	2.3943974962E-35	8.6357557140E-24	8.3805925896E-50	4.0809653877E-23	5.9924665562E-22	7.6837890373E-01	
1.7337164938E-03 	7.2707138369E-37	2.2724747186E-01	4.2389794499E-03	7.8437986120E-35	1.9229985947E-23	4.4212647932E-49	8.0375103721E-23	1.0861624030E-21	7.6851354869E-01	
1.7460123554E-03 	2.7265303606E-36	2.2668622990E-01	4.6525529414E-03	2.7720593177E-34	4.4935433667E-23	2.5866693619E-48	1.6477600820E-22	2.0322858155E-21	7.6866121716E-01	
1.7583082171E-03 	1.1024280380E-35	2.2607079828E-01	5.1060582362E-03	1.0583528026E-33	1.1028501888E-22	1.6814960724E-47	3.5186861645E-22	3.9274437973E-21	7.6882314348E-01	
1.7706040787E-03 	4.8102937846E-35	2.2539606071E-01	5.6032654870E-03	4.3689537161E-33	2.8444375753E-22	1.2159793497E-46	7.8298234762E-22	7.8415447592E-21	7.6900067380E-01	
1.7828999404E-03 	2.2656106206E-34	2.2465644143E-01	6.1482834083E-03	1.9504577135E-32	7.7106189851E-22	9.7853389190E-46	1.8156439476E-21	1.6176076514E-20	7.6919527516E-01	
1.7951958021E-03 	1.1513448287E-33	2.2384586881E-01	6.7455861240E-03	9.4122361535E-32	2.1961401351E-21	8.7573341083E-45	4.3860414619E-21	3.4467216541E-20	7.6940854507E-01	
1.8074916637E-03 	6.3054968112E-33	2.2295773702E-01	7.4000414037E-03	4.9033416144E-31	6.5668688881E-21	8.7012631513E-44	1.1029387362E-20	7.5811909955E-20	7.6964222158E-01	
1.8197875254E-03 	3.7141659798E-32	2.2198486596E-01	8.1169401899E-03	2.7517838190E-30	2.0587374629E-20	9.5714884151E-43	2.8836535518E-20	1.7196810179E-19	7.6989819385E-01	
1.8320833870E-03 	2.3463475681E-31	2.2091945963E-01	8.9020272706E-03	1.6586387576E-29	6.7539607234E-20	1.1609455156E-41	7.8255790802E-20	4.0174873591E-19	7.7017851310E-01	
1.8443792487E-03 	1.5837496546E-30	2.1975306325E-01	9.7615328931E-03	1.0695376651E-28	2.3128450055E-19	1.5444900850E-40	2.1995084048E-19	9.6495033468E-19	7.7048540386E-01	
1.8566751103E-03 	1.1369101977E-29	2.1847651944E-01	1.0702205038E-02	7.3423051514E-28	8.2417979809E-19	2.2390083133E-39	6.3856886950E-19	2.3778049999E-18	7.7082127552E-01	
1.8689709720E-03 	8.6318979900E-29	2.1707992402E-01	1.1731341989E-02	5.3351282156E-27	3.0449927695E-18	3.5094363222E-38	1.9089146221E-18	5.9962206398E-18	7.7118873399E-01	
1.8812668337E-03 	6.8873131321E-28	2.1555258206E-01	1.2856824741E-02	4.0759775664E-26	1.1614354187E-17	5.8941717725E-37	5.8543819853E-18	1.5429721287E-17	7.7159059320E-01	
1.8935626953E-03 	5.7336792398E-27	2.1388296489E-01	1.4087148641E-02	3.2496230020E-25	4.5517158765E-17	1.0500751108E-35	1.8345142272E-17	4.0384869401E-17	7.7202988647E-01	
1.9058585570E-03 	4.9411069020E-26	2.1205866922E-01	1.5431453560E-02	2.6814385163E-24	1.8232596796E-16	1.9624849289E-34	5.8474681378E-17	1.0713450427E-16	7.7250987722E-01	
1.9181544186E-03 	4.3704639157E-25	2.1006637933E-01	1.6899551706E-02	2.2697832583E-23	7.4227258678E-16	3.8018193440E-33	1.8868654227E-16	2.8697913810E-16	7.7303406896E-01	
1.9304502803E-03 	3.9322669118E-24	2.0789183403E-01	1.8501952011E-02	1.9526209231E-22	3.0530318341E-15	7.5387793242E-32	6.1326718079E-16	7.7313826532E-16	7.7360621396E-01	
1.9427461419E-03 	3.5655753081E-23	2.0551979986E-01	2.0249879855E-02	1.6906666198E-21	1.2608673619E-14	1.5103083336E-30	1.9972360825E-15	2.0862634143E-15	7.7423032029E-01	
1.9550420036E-03 	3.2275767300E-22	2.0293405269E-01	2.2155290630E-02	1.4588855424E-20	5.1957321282E-14	3.0166204835E-29	6.4830528504E-15	5.6153859843E-15	7.7491065668E-01	
1.9673378653E-03 	2.8892034218E-21	2.0011736999E-01	2.4230875452E-02	1.2423062133E-19	2.1229189988E-13	5.9280423987E-28	2.0864344160E-14	1.5013699183E-14	7.7565175456E-01	
1.9796337269E-03 	2.5340216192E-20	1.9705153635E-01	2.6490057060E-02	1.0339134337E-18	8.5477225641E-13	1.1313560685E-26	6.6230082542E-14	3.9712762654E-14	7.7645840659E-01	
1.9919295886E-03 	2.1582775544E-19	1.9371736542E-01	2.8946973688E-02	8.3320585195E-18	3.3714698573E-12	2.0709480708E-25	2.0633237812E-13	1.0351704844E-13	7.7733566089E-01	
2.0042254502E-03 	1.7702506432E-18	1.9009474138E-01	3.1616448476E-02	6.4451453580E-17	1.2954174774E-11	3.5936016228E-24	6.2791477805E-13	2.6493273468E-13	7.7828881013E-01	
2.0165213119E-03 	1.3875820442E-17	1.8616268372E-01	3.4513941720E-02	4.7471092483E-16	4.8237419900E-11	5.8480281192E-23	1.8585447193E-12	6.6347991419E-13	7.7932337451E-01	
2.0288171736E-03 	1.0323030121E-16	1.8189943924E-01	3.7655483079E-02	3.3053046262E-15	1.7327532018E-10	8.8397450411E-22	5.3295485491E-12	1.6209209328E-12	7.8044507750E-01	
2.0411130352E-03 	7.2464337923E-16	1.7728260521E-01	4.1057580720E-02	2.1620591011E-14	5.9803756315E-10	1.2309202810E-20	1.4756140154E-11	3.8528110889E-12	7.8165981346E-01	
2.0534088969E-03 	4.7765446705E-15	1.7228928781E-01	4.4737104265E-02	1.3217402189E-13	1.9765782849E-09	1.5682891983E-19	3.9334501597E-11	8.8899093829E-12	7.8297360590E-01	
2.0657047585E-03 	2.9455922633E-14	1.6689629993E-01	4.8711138364E-02	7.5212042057E-13	6.2396818105E-09	1.8186832406E-18	1.0071514612E-10	1.9876324510E-11	7.8439255535E-01	
2.0780006202E-03 	1.6951693439E-13	1.6108040136E-01	5.2996803706E-02	3.9723053522E-12	1.8778906246E-08	1.9127795797E-17	2.4728333689E-10	4.3004170667E-11	7.8592277586E-01	
2.0902964818E-03 	9.0923263384E-13	1.5481858409E-01	5.7611042102E-02	1.9439375514E-11	5.3822965885E-08	1.8210559020E-16	5.8155809828E-10	8.9958689536E-11	7.8757031929E-01	
2.1025923435E-03 	4.5448540840E-12	1.4808840290E-01	6.2570361880E-02	8.8101725150E-11	1.4686260207E-07	1.5690248748E-15	1.3093678582E-09	1.8186859062E-10	7.8934108677E-01	
2.1148882052E-03 	2.1173662708E-11	1.4086834914E-01	6.7890538885E-02	3.6962556593E-10	3.8140372917E-07	1.2234154132E-14	2.8206945103E-09	3.5519261923E-10	7.9124072701E-01	
2.1271840668E-03 	9.1941376636E-11	1.3313826118E-01	7.3586266839E-02	1.4345266143E-09	9.4232887173E-07	8.6306716741E-14	5.8092979637E-09	6.6970537906E-10	7.9327452165E-01	
2.1394799285E-03 	3.7235381669E-10	1.2487976023E-01	7.9670748658E-02	5.1488163219E-09	2.2146534424E-06	5.5116204395E-13	1.1430434173E-08	1.2183802889E-09	7.9544725829E-01	
2.1517757901E-03 	1.4083341096E-09	1.1607669514E-01	8.6155218604E-02	1.7091991138E-08	4.9515704145E-06	3.1904253746E-12	2.1472520570E-08	2.1376824853E-09	7.9776309257E-01	
2.1640716518E-03 	4.9844339523E-09	1.0671557864E-01	9.3048385530E-02	5.2490888750E-08	1.0534906872E-05	1.6773454904E-11	3.8480582473E-08	3.6150845510E-09	8.0022540134E-01	
2.1763675134E-03 	1.6551402094E-08	9.6786004666E-02	1.0035579225E-01	1.4917706592E-07	2.1335714474E-05	8.0305698513E-11	6.5713052649E-08	5.8880454936E-09	8.0283662996E-01	
2.1886633751E-03 	5.1743156506E-08	8.6281064389E-02	1.0807909722E-01	3.9233254800E-07	4.1140540915E-05	3.5126558918E-10	1.0674370427E-07	9.2252421174E-09	8.0559813745E-01	
2.2009592368E-03 	1.5297484516E-07	7.5197844589E-02	1.1621530029E-01	9.5424358664E-07	7.5523893320E-05	1.4093196514E-09	1.6444636927E-07	1.3876220388E-08	8.0851004428E-01	
2.2132550984E-03 	4.3033600176E-07	6.3538239169E-02	1.2475594139E-01	2.1420989283E-06	1.3189446381E-04	5.2119810592E-09	2.3902943541E-07	1.9968604817E-08	8.1157108833E-01	
2.2255509601E-03 	1.1625494648E-06	5.1310642912E-02	1.3368625487E-01	4.4166119430E-06	2.1865787242E-04	1.7883550874E-08	3.2470258885E-07	2.7317703171E-08	8.1477849528E-01	
2.2378468217E-03 	3.0640775532E-06	3.8534058217E-02	1.4298397171E-01	8.2697730624E-06	3.4226926770E-04	5.7499678193E-08	4.0433547560E-07	3.5072466664E-08	8.1812787004E-01	
2.2501426834E-03 	8.1509243767E-06	2.5250105129E-02	1.5261574744E-01	1.3652178512E-05	4.9857019674E-04	1.7654132117E-07	4.4050816608E-07	4.0962952580E-08	8.2161311612E-01	
2.2624385451E-03 	2.4445875374E-05	1.1578906025E-02	1.6251169511E-01	1.7809410912E-05	6.3981175583E-04	5.4738386808E-07	3.5594572709E-07	3.8974237811E-08	8.2522638952E-01	
2.2747344067E-03 	3.4638099221E-04	1.4968912901E-04	1.7024899355E-01	3.1347774038E-06	2.9064629639E-04	3.0392396744E-06	1.7485167457E-08	5.5691182508E-09	8.2895809296E-01	
2.2870302684E-03 	2.1505506920E-03	1.2752066376E-06	1.6498434321E-01	1.6967393903E-07	6.2026351876E-05	4.7188554003E-06	3.6145144258E-10	3.9064383026E-10	8.3279691526E-01	
2.2993261300E-03 	4.0325397506E-03	1.0263633144E-07	1.5921149601E-01	2.6288012433E-08	2.2135373709E-05	3.7809755660E-06	3.8703397564E-11	8.1349859214E-11	8.3672991885E-01	
2.3116219917E-03 	5.9546979739E-03	1.1993041968E-08	1.5329165369E-01	4.6635925389E-09	8.3847675092E-06	2.5704869204E-06	5.3308353503E-12	1.9932592325E-11	8.4074267640E-01	
2.3239178533E-03 	7.9078124416E-03	1.5536930680E-09	1.4726800110E-01	8.2605216911E-10	3.1471576332E-06	1.5815857417E-06	7.7072389486E-13	5.0181489184E-12	8.4481945533E-01	
2.3362137150E-03 	9.8834245474E-03	2.0263035085E-10	1.4117108959E-01	1.3880843797E-10	1.1404870739E-06	8.9872667192E-07	1.0863962823E-13	1.2355864021E-12	8.4894344631E-01	
2.3485095767E-03 	1.1873024146E-02	2.5358042046E-11	1.3502907749E-01	2.1538952865E-11	3.9351288288E-07	4.7541184434E-07	1.4380122374E-14	2.9016015117E-13	8.5309702939E-01	
2.3608054383E-03 	1.3867956484E-02	2.9584944689E-12	1.2886961116E-01	3.0328814481E-12	1.2809963026E-07	2.3484816529E-07	1.7463895761E-15	6.3983953996E-14	8.5726206940E-01	
2.3731013000E-03 	1.5859490561E-02	3.1551604698E-13	1.2272013171E-01	3.8259208604E-13	3.9074003003E-08	1.0843740459E-07	1.9144093989E-16	1.3104020822E-14	8.6142023021E-01	
2.3853971616E-03 	1.7838945280E-02	3.0312389465E-14	1.1660770038E-01	4.2799125579E-14	1.1106790515E-08	4.6790490842E-08	1.8707896559E-17	2.4716576119E-15	8.6555329645E-01	
2.3976930233E-03 	1.9797835371E-02	2.5935798571E-15	1.1055865211E-01	4.2099884927E-15	2.9285450679E-09	1.8853444876E-08	1.6134797695E-18	4.2647358498E-16	8.6964349074E-01	
2.4099888849E-03 	2.1728017651E-02	1.9582705471E-16	1.0459819971E-01	3.6157272073E-16	7.1349904672E-10	7.0867515704E-09	1.2181210045E-19	6.6945050245E-17	8.7367377484E-01	
2.4222847466E-03 	2.3621826336E-02	1.2952003634E-17	9.8750047048E-02	2.6954523352E-17	1.6010905417E-10	2.4825228841E-09	7.9966090377E-21	9.5174032109E-18	8.7762812397E-01	
2.4345806083E-03 	2.5472190676E-02	7.4608255755E-19	9.3036043079E-02	1.7360645357E-18	3.3007409092E-11	8.0977526489E-10	4.5407155943E-22	1.2211325451E-18	8.8149176540E-01	
2.4468764699E-03 	2.7272731029E-02	3.7272255513E-20	8.7475894332E-02	9.6277295069E-20	6.2399115626E-12	2.4582387378E-10	2.2216405873E-23	1.4104014582E-19	8.8525137439E-01	
2.4591723316E-03 	2.9017831423E-02	1.6105376423E-21	8.2086945485E-02	4.5879730188E-21	1.0805556042E-12	6.9440321120E-11	9.3437365460E-25	1.4641588892E-20	8.8889522302E-01	
2.4714681932E-03 	3.0702687972E-02	6.0229495242E-23	7.6884031983E-02	1.8808131238E-22	1.7152460274E-13	1.8273033839E-11	3.3810058188E-26	1.3671392147E-21	8.9241328003E-01	
2.4837640549E-03 	3.2323333667E-02	1.9507001649E-24	7.1879404399E-02	6.6397863326E-24	2.4975002836E-14	4.4836415633E-12	1.0534451551E-27	1.1489578529E-22	8.9579726193E-01	
2.4960599166E-03 	3.3876640958E-02	5.4695639710E-26	6.7082720841E-02	2.0184588670E-25	3.3358060746E-15	1.0262082991E-12	2.8256008437E-29	8.6898964445E-24	8.9904063820E-01	
2.5083557782E-03 	3.5360304288E-02	1.3314785962E-27	6.2501100993E-02	5.3004870067E-27	4.0947292855E-16	2.1947477669E-13	6.5442232374E-31	5.9277578134E-25	9.0213859472E-01	
2.5206516399E-03 	3.6772805342E-02	2.8310651846E-29	5.8139233491E-02	1.2100204537E-28	4.6363547797E-17	4.3997499514E-14	1.3169433097E-32	3.6631266292E-26	9.0508796117E-01	
2.5329475015E-03 	3.8113364099E-02	5.3053374945E-31	5.3999527073E-02	2.4238415322E-30	4.8684942455E-18	8.3037432463E-15	2.3241777455E-34	2.0641288095E-27	9.0788710883E-01	
2.5452433632E-03 	3.9381878970E-02	8.8657204756E-33	5.0082295449E-02	4.3120782928E-32	4.7741020595E-19	1.4836737601E-15	3.6407636863E-36	1.0695827927E-28	9.1053582558E-01	
2.5575392248E-03 	4.0578859251E-02	1.3398803266E-34	4.6385965894E-02	6.9120272085E-34	4.4082415970E-20	2.5262702214E-16	5.1357587729E-38	5.1484595364E-30	9.1303517486E-01	
2.5698350865E-03 	4.1705352942E-02	1.8609259423E-36	4.2907302137E-02	1.0147982330E-35	3.8689938789E-21	4.1297462280E-17	6.6318910305E-40	2.3287254967E-31	9.1538734492E-01	
2.5821309482E-03 	4.2762872679E-02	2.4172691789E-38	3.9641633085E-02	1.3893000735E-37	3.2609966331E-22	6.5340333264E-18	7.9817667503E-42	1.0023070557E-32	9.1759549424E-01	
2.5944268098E-03 	4.3753322153E-02	2.9919259709E-40	3.6583080057E-02	1.8076789587E-39	2.6684210624E-23	1.0091878395E-18	9.1261206558E-44	4.1603352017E-34	9.1966359779E-01	
2.6067226715E-03 	4.4678924941E-02	3.5974777904E-42	3.3724776545E-02	2.2799220645E-41	2.1439241428E-24	1.5351137856E-19	1.0111154997E-45	1.6885644450E-35	9.2159629851E-01	
2.6190185331E-03 	4.5542157278E-02	4.2853011423E-44	3.1059075824E-02	2.8436823072E-43	1.7107372307E-25	2.3205114242E-20	1.1075811074E-47	6.7963813072E-37	9.2339876690E-01	
2.6313143948E-03 	4.6345685863E-02	5.1567725799E-46	2.8577743004E-02	3.5781266256E-45	1.3712605339E-26	3.5170513491E-21	1.2238021551E-49	2.7510377376E-38	9.2507657113E-01	
2.6436102564E-03 	4.7092311433E-02	6.3897131707E-48	2.6272129280E-02	4.6313547533E-47	1.1164893824E-27	5.3916034710E-22	1.3909961552E-51	1.1353668724E-39	9.2663555929E-01	
2.6559061181E-03 	4.7784918500E-02	8.3036238320E-50	2.4133327153E-02	6.2831868504E-49	9.3333318463E-29	8.4304219649E-23	1.6573671275E-53	4.8410306662E-41	9.2808175435E-01	
2.6682019798E-03 	4.8426431375E-02	1.1515370845E-51	2.2152306214E-02	9.0943366318E-51	8.0921152675E-30	1.3552617771E-23	2.1074054195E-55	2.1594169933E-42	9.2942126241E-01	
2.6804978414E-03 	4.9019776396E-02	1.7318744668E-53	2.0320029800E-02	1.4276930635E-52	7.3453735871E-31	2.2565582515E-24	2.9075489930E-57	1.0195014149E-43	9.3066019380E-01	
2.6927937031E-03 	4.9567850089E-02	2.8665952123E-55	1.8627553309E-02	2.4677055369E-54	7.0406743659E-32	3.9178231789E-25	4.4191199634E-59	5.1488055286E-45	9.3180459660E-01	
2.7050895647E-03 	5.0073492883E-02	5.2908352616E-57	1.7066105358E-02	4.7595887922E-56	7.1810187458E-33	7.1356255555E-26	7.4998624903E-61	2.8081353151E-46	9.3286040176E-01	
2.7173854264E-03 	5.0539467933E-02	1.1014193173E-58	1.5627153210E-02	1.0364282359E-57	7.8455964358E-34	1.3705328001E-26	1.4381632035E-62	1.6677237100E-47	9.3383337886E-01	
2.7296812881E-03 	5.0968444516E-02	2.6112754513E-60	1.4302454008E-02	2.5733767482E-59	9.2339675986E-35	2.7883841437E-27	3.1473790365E-64	1.0861287365E-48	9.3472910148E-01	
2.7419771497E-03 	5.1362985514E-02	7.1064696390E-62	1.3084093461E-02	7.3447517618E-61	1.1761964019E-35	6.0312471666E-28	7.9256324504E-66	7.8017730870E-50	9.3555292102E-01	
2.7542730114E-03 	5.1725538435E-02	2.2336872155E-63	1.1964513548E-02	2.4249236479E-62	1.6272860313E-36	1.3908869406E-28	2.3111985586E-67	6.2089115923E-51	9.3630994802E-01	
2.7665688730E-03 	5.2058429499E-02	8.1448581185E-65	1.0936530801E-02	9.3035682791E-64	2.4517388044E-37	3.4269611417E-29	7.8410282296E-69	5.4925070841E-52	9.3700503970E-01	
2.7788647347E-03 	5.2363860297E-02	3.4550857600E-66	9.9933466044E-03	4.1600420486E-65	4.0293588816E-38	9.0332021197E-30	3.1040709894E-70	5.4122103273E-53	9.3764279310E-01	
2.7911605963E-03 	5.2643906616E-02	1.7073128298E-67	9.1285508312E-03	2.1708997981E-66	7.2292518679E-39	2.5490216457E-30	1.4359135716E-71	5.9466191387E-54	9.3822754255E-01	
2.8034564580E-03 	5.2900519031E-02	9.8267603055E-69	8.3361200231E-03	1.3220890811E-67	1.4159307809E-39	7.7004366270E-31	7.7617532525E-73	7.2856091500E-55	9.3876336095E-01	
2.8157523197E-03 	5.3135524912E-02	6.5792360389E-70	7.6104111724E-03	9.3841735381E-69	3.0252737795E-40	2.4890442213E-31	4.8962976902E-74	9.9444580232E-56	9.3925406392E-01	
2.8280481813E-03 	5.3350631565E-02	5.1116267604E-71	6.9461520442E-03	7.7445795826E-70	7.0415598847E-41	8.5995308540E-32	3.5958795866E-75	1.5097046620E-56	9.3970321639E-01	
2.8403440430E-03 	5.3547430220E-02	4.5930813617E-72	6.3384288467E-03	7.4063170210E-71	1.7820722484E-41	3.1710658987E-32	3.0641067663E-76	2.5431912019E-57	9.4011414093E-01	
